%Static Power converted to increasing dynamic
addStatic = 100 - [97 96 97 95 96 95];
mulStatic = 100 - [98 97 97 97 96 95];
divStatic = 100 - [97 95 96 95 95];

% Dynamic Power
addClk = [0.26 0.35 0.37 0.30 0.23 0.30] .* 100;
addSignal = [0.16 0.14 0.26 0.16 0.24 0.24].* 100;
addLogic = [0.19 0.17 0.28 0.18 0.27 0.27].* 100;
addIO = [0.39 0.34 0.09 0.36 0.26 0.19].* 100;
divClk = [41.00 32.00 30.00 31.00 25.00];
divSignal = [24.00 24.00 24.00 23.00 26.00];
divLogic = [31.00 31.00 29.00 28.00 32.00];
divIO = [4.00 13.00 17.00 18.00 17.00];
mulClk = [37.00 29.00 34.00 31.00 32.00 23.00];
mulSignal = [22.00 18.00 18.00 19.00 21.00 22.00]; 
mulLogic = [31.00 22.00 22 24 26 26];
mulDSP = [0 15 11 10 9 20];
mulIO = [10 16 15 16 12 9];


%WNS
addWNS = [4.848 4.148 4.67 4.49 4.023 3.98];
mulWNS = [4.624 4.456 4.292 4.286 3.341 0.714];
divWNS = [4.84 4.631 4.062 4.515 4.229];
%WNS ytick = [ 3.3410    3.9800    4.0230    4.0620    4.1480    4.2290     4.2920    4.4560    4.5150    4.6240  4.8480];

%LUT ytick= ([94   103   115  122   146   158   175  197   210   226   252   258   269   274   324]);
%FF yticks([67    71     77    83    97   102   110   117   131   146   161    165   192   195])

% Time to Generate Bitstream
divSynthTime = [90 74 91 112 92];








